9012
12566
11662
10443
16594
7011
8464
1071
12040
8515
3872
6868
2843
5662
8199
13298
1481
12664
4328
4699
7592
1532
7987
2437
2379
17420
4293
13424
4906
5726
14544
14368
6873
16551
6248
4589
16325
2128
17183
17390
16902
8681
13016
13738
14593
7455
19323
4397
3526
11316
6300
4813
1416
3864
1758
5611
4394
11698
1843
12848
9172
4433
7389
12850
16095
137
17114
12745
12037
12265
8142
13736
1179
8760
17559
6696
12821
2127
14888
5606
17415
4941
8010
7640
7114
11221
8726
9547
5587
7708
12631
10652
15487
16198
6684
9236
6761
9194
11817
2882
4623
