8607
6805
2809
17702
11404
5895
2048
9256
18777
12133
9749
11727
9857
9519
18308
2656
3766
13735
5968
12876
17778
2674
7303
3423
19025
1608
7334
1261
9317
7465
10863
17021
7036
4778
3292
3050
10060
47
11387
10796
9684
17516
2515
14208
13209
18678
16681
2757
7747
15437
14635
11969
1364
900
13596
212
3751
4951
15266
13266
17018
14229
14319
6838
6934
15106
963
9437
5215
11062
10668
6051
8084
14574
18551
16873
7316
7077
13101
2890
15893
3258
3526
3100
8531
11811
4750
19631
19140
17456
454
5842
11839
2605
13857
14628
14272
832
10184
3131
17981
1848
363
5751
6441
17451
8274
991
13269
1194
13275
7506
7749
16349
16114
3035
5970
15427
19187
19640
6552
16593
17058
4794
18041
6181
312
8378
11686
15878
13865
250
11419
12031
8516
13843
5632
7328
2004
15916
13595
16820
18799
10145
19508
2946
19193
368
16975
17375
6164
7101
16234
8798
15296
6945
499
5972
1726
8475
2768
11139
12981
5547
9057
18055
7388
13392
4528
15459
16732
19469
143
12139
17143
12210
8959
8270
13580
12685
7490
4072
11891
1650
9562
15717
9523
18867
19112
15174
3056
17640
2418
17312
7260
5195
3404
2506
1530
8900
3036
15560
10572
5890
15240
10588
10739
16544
8326
1412
12319
14022
729
14871
12955
15872
10683
7257
11505
14062
13481
16733
9433
16327
14698
11164
1467
16706
10705
7281
11808
12563
15222
1573
9388
13924
11399
15141
16300
16224
1850
2690
19271
2320
14313
14536
9013
19037
5036
11283
11615
15143
13568
8671
15357
17913
3946
101
19465
5700
11352
801
15313
16118
1157
12415
3643
3251
16056
19002
8281
1797
6963
13105
5914
9381
18963
12667
12967
13369
7004
13337
3308
2394
14818
3208
15113
1190
668
10376
12069
16906
15302
18056
19605
13408
12896
7124
6456
13194
12461
1963
16658
782
9383
7365
5173
15084
1731
1256
116
17830
14074
1942
18246
5084
18294
9273
5679
15151
16000
8050
7471
8702
18567
18850
6756
8538
18341
2493
11642
5845
1913
19098
16900
14527
17729
9649
10259
15573
19293
16076
16922
8160
5427
4827
6728
5587
8554
17126
14300
979
18164
10031
4089
7342
13614
12522
7464
18903
4012
4353
2474
649
14057
5225
5147
1196
4902
30
17246
419
18125
13390
11823
18009
4465
5761
7189
9485
13907
3089
6794
19269
3291
7152
15983
18756
1195
12450
13841
19407
2816
9788
9540
10866
11816
4299
11999
6233
5420
15075
11254
19546
9675
19553
7461
8965
9126
7519
12083
11874
2184
3819
4867
4899
8434
5695
468
8845
4006
12238
15482
16510
701
5017
323
6490
18612
5689
11503
7859
2332
12439
12050
241
5098
1341
12772
6243
15480
6070
18452
14840
15429
13298
13181
3927
2091
2368
2602
14055
674
12208
903
14994
9139
3
8275
19252
8102
15701
7683
16600
3725
3341
9447
4909
3639
11221
10462
11006
10272
13014
7367
3194
16433
15298
16904
17626
1405
19166
18170
5208
4631
115
4385
1756
6763
7141
11825
16316
6905
16606
16524
3231
18025
17931
14475
4982
15492
5083
388
10439
13623
13423
3799
5986
2942
10859
16959
18211
6755
6797
12476
6735
8024
16984
18607
14449
1953
8583
4257
6615
1387
11605
13680
5053
9196
4390
2065
10221
11943
12828
3075
9646
17785
15963
5898
5226
18917
655
964
10166
10073
13211
5510
10155
3977
19556
7056
3965
1649
9736
17412
1480
541
14218
9287
10946
17698
16326
5847
2473
3030
10034
12959
10263
17752
4582
10702
13018
2315
18492
15741
15279
16774
4512
959
14768
17806
19072
12073
3028
16166
7266
3172
9515
4447
18863
13930
3614
15076
16833
13099
18693
7456
10548
5927
1906
221
5452
19337
3880
7252
7091
10747
16158
341
951
4647
14394
5325
11381
14407
13213
15754
9144
10070
15049
8484
16240
17749
17515
3701
17965
4664
355
8501
2495
11108
7968
9753
15753
3180
15019
6364
3350
17490
14432
13320
19121
15536
2164
6786
13618
10626
3457
1497
14390
2431
5725
9943
12225
18538
2903
9932
17434
17537
1148
12451
9031
2415
17399
4878
4408
3467
2975
3860
13145
1901
2333
1581
13814
17759
16486
18814
8165
14210
15529
17034
14881
4276
10345
16489
3266
11029
3535
1811
16597
3600
8462
12697
1602
2889
15757
5730
7431
16805
5565
685
19044
16156
8544
6562
4821
8060
11927
13888
17046
8802
18692
13347
16892
9257
673
14124
3587
2973
5157
8716
17900
18285
6085
1818
12735
4779
3408
19495
7893
19543
2408
10385
4115
15250
18857
7357
6676
4850
148
9342
16719
8228
19028
16814
3515
4562
15974
5850
17498
12729
14000
14089
18212
12312
8882
5601
19639
11779
6937
149
4583
4448
19282
7636
443
1908
10992
2293
3395
13067
16767
10105
13458
12853
3500
7216
11846
11931
19167
12944
348
17062
4723
9617
9557
9493
4673
4027
16695
17298
1783
1729
3238
12829
1043
11689
12274
2350
7230
816
6104
247
18923
5044
13433
7211
4947
5048
5795
12100
3896
6936
6105
7518
8079
14523
9731
159
14909
6584
8792
76
1732
1244
5355
13319
10489
954
494
12325
8261
13393
6792
13285
19276
1152
16115
11656
14572
5116
6731
9053
6241
196
11138
17699
6304
16152
18843
14684
2451
9349
14201
7652
15087
1092
12353
5467
19349
343
16210
16281
3926
10210
15461
16838
8000
15036
8498
707
4831
491
10630
399
4354
6183
401
13804
5186
11300
13525
13761
15683
10573
12653
15586
14302
4639
2720
8134
17184
1785
6842
3175
13625
199
14771
10969
17972
5801
4490
1601
14634
10412
16108
19091
17152
3855
1980
15689
8766
1085
13700
6681
2632
14328
5509
11920
19569
17781
19493
17680
7720
3160
15779
9541
15928
14938
13718
12914
10169
16948
12271
19236
3433
12552
16173
17395
5556
17181
17180
12373
14697
7433
5541
16023
18872
11056
19633
5603
16347
2955
3187
473
9279
2296
12057
13141
18886
4313
17190
11030
15058
15716
8862
11945
18949
13035
10280
623
9935
10894
9603
6971
18074
11092
15656
18238
15321
10507
13987
3644
15103
3882
16644
19008
3223
7065
11159
13422
631
2405
18239
16246
12497
10019
11693
4380
18742
10454
19425
13830
2036
11864
7957
13311
13774
16757
6699
637
16694
14054
4274
11520
19441
18528
17552
3088
15764
568
14437
3573
15247
6658
11504
14620
6504
19513
1661
3629
5256
13802
10106
1852
12881
18639
1264
12804
2189
2742
1518
15528
6080
19653
19382
1616
5280
14360
16070
5246
705
1554
18064
15948
7135
3803
2727
3795
17736
10274
18453
16172
1508
11160
13420
6623
12330
14470
7759
3724
8295
9787
4091
9322
1204
14203
2815
7953
4386
13985
11233
8420
4379
8733
1189
5941
19259
17396
13230
9679
12839
909
17606
19502
6690
871
10857
16608
18650
10405
13447
12448
8209
13237
4099
965
15749
13044
16568
12405
16559
5270
3802
4007
3771
15431
11958
8599
4626
8188
4417
7147
19165
11629
16869
636
18144
17468
13566
17886
16312
11184
4259
15367
16116
3154
6925
1837
14230
1900
12079
13471
749
14386
10546
10951
14284
16073
16334
18451
14915
6644
10647
2660
311
670
14406
11197
18905
16917
13570
14756
16368
18971
5408
15884
5905
15598
15372
4161
665
15166
3836
15159
2433
15060
7658
418
14338
13703
13293
14594
827
14179
8832
9332
16313
2441
19034
1163
118
15850
13844
8869
4302
5372
3158
6357
16954
10265
19051
18749
119
17270
14584
8874
1165
1362
10774
14450
6202
408
12756
5917
1519
3564
9180
6800
11245
10225
10732
5719
12207
5054
4003
18722
9699
2536
10237
15697
13823
6821
14780
17703
6565
1565
1951
2636
15825
4912
5013
17196
17118
10486
2810
17458
9058
4487
2971
4656
6733
14702
11762
13335
2673
17903
94
16889
3047
7815
210
16637
5358
7546
11663
4245
3199
15342
18856
3641
9267
11097
4351
15370
9392
5688
7598
17647
7265
12994
4524
18447
13185
12600
181
7516
3805
1549
19100
11474
17176
6058
8342
14082
275
960
8312
6912
1445
15030
5018
13106
74
6388
16538
2686
5726
18893
5981
990
3868
17404
2284
2945
17337
15271
12014
16822
1494
5715
14795
2653
5449
16006
7768
4995
14534
15003
2863
5618
14911
17654
12032
8514
5466
6063
8810
18016
3867
12258
10058
5919
8698
6167
1013
12557
1328
13079
3461
31
7845
17031
157
15784
4674
13399
558
10380
19246
15609
13720
12015
356
3293
15531
14166
15008
8896
17819
19247
16150
8354
10799
8623
17507
15542
5343
1955
809
6784
3512
13952
13900
18287
14379
14077
10767
16657
11152
16560
16929
9900
13787
17835
651
4420
2134
19301
16479
11714
14729
18280
19408
18806
17548
5155
16580
884
13722
4681
1918
19313
10860
18779
2436
2457
1502
19053
7354
2572
4566
18819
10781
10927
9577
4559
5923
4811
3296
16749
16090
6573
11500
14946
7324
16796
16956
6355
12248
10194
7422
13318
18465
13726
12700
15329
9043
5942
8430
13657
15684
8347
2585
3386
12289
10197
9003
12296
7305
2218
15882
3205
17138
17671
16617
17977
13950
16187
13294
9400
6815
10775
15670
3278
13183
11900
15645
1009
17887
14040
11154
18809
11284
15674
2126
502
14556
12371
8936
15264
15261
6356
18158
451
13246
17510
17224
4015
16700
15179
1444
16519
5403
15377
2947
10157
11137
13046
9044
13921
13006
11015
10373
16564
4943
6541
5732
13291
2513
6691
9422
14633
7458
13223
5843
10044
10327
18140
9353
11881
5978
16518
780
15310
15395
9966
5320
3105
11893
6003
12144
424
1335
12131
4589
695
18798
17234
16376
8496
17005
13794
923
6826
12691
3929
18255
9614
687
18442
7167
19127
13463
19176
11786
11921
2243
1076
2897
15323
13020
562
11973
4395
14530
8086
2651
17484
10148
1515
13478
10136
14798
11794
5600
3003
4324
16825
17134
8279
16213
14346
14564
16320
6398
1128
9316
17024
15021
7210
8584
17589
9998
18920
18208
16957
19021
19507
7722
9972
5289
8858
10474
4625
8618
9258
9062
16548
16874
8403
3677
16305
19435
11843
3149
14073
3155
11804
6994
12265
9560
6742
14590
12958
9391
9669
2688
666
3682
12991
1139
3635
18400
6625
14632
1160
9298
17823
3476
15193
13468
4446
7839
8409
16576
10556
9109
2024
10082
6208
664
6933
486
14514
3202
12420
12523
7009
9474
16542
9334
3613
1985
14188
7898
3459
1571
1615
8264
11105
1465
1607
4593
18921
12375
11628
5913
7052
3666
13518
5497
9680
13090
2257
9182
12607
7840
5629
14877
17006
4047
6915
9663
17097
1250
5704
18792
2881
3204
11376
16603
40
18030
16787
10250
14914
12626
11281
17521
16808
16426
14525
612
5401
10852
9709
5508
10420
12372
7988
15489
7871
14103
11666
6010
6746
14023
12780
18780
9224
14035
3322
5503
18182
14268
10724
9074
9123
9055
13280
9022
15538
1280
2124
5249
166
13793
17950
17753
15956
12219
8801
9078
14354
929
12310
2466
3320
580
12536
9042
5591
8117
15111
2259
5324
453
17340
12878
7372
2044
4121
19549
10777
15940
8781
18356
15945
8394
16572
10505
2442
16832
19235
17000
4191
9009
2325
3612
4335
13290
4206
8481
13317
10390
14532
18627
16844
11715
12646
1796
2944
644
3284
19222
17569
4520
18723
19158
7921
1032
2383
6989
15934
9800
4599
8684
2724
5584
13716
14723
4712
19468
10053
14736
12171
4303
5515
16072
3757
17891
15382
5959
10826
15672
4049
8697
9698
1893
15172
17106
11406
16048
5133
5051
17014
13836
12920
14544
19460
2047
3566
16084
16361
7960
14461
5526
13701
13025
10098
7174
33
8071
17712
3113
17583
4998
4286
8155
15802
1051
15820
2896
18358
6141
9799
13299
6386
2729
18613
1391
13637
18468
3245
8743
910
12606
18998
16604
13255
2542
7543
1487
1078
18707
8329
15885
452
18895
5897
361
1625
12601
19241
19568
16775
17859
16124
8721
5431
6371
9389
17809
5652
11260
5734
12968
8266
2209
12832
19364
3531
2505
2734
6559
15025
16134
12313
13153
9623
14139
7609
352
18930
2750
5563
16910
7019
16250
9127
8363
7577
8929
10434
1197
660
14306
10399
393
6035
10601
3219
3916
2706
9951
18226
1619
1920
17877
8025
10161
1452
9553
1363
2274
4273
589
13252
5365
14385
12368
11569
15018
16670
18991
12098
15332
19444
5721
7962
9717
18220
2348
9350
5038
16650
6121
8934
10945
10840
12567
4749
2362
1869
14509
2104
6362
10940
11674
209
925
14099
13810
1226
18938
8646
2803
12130
9587
3352
14295
8212
5589
3514
5880
7884
12418
5335
2928
19411
5243
575
13713
15970
9908
9711
6324
17990
12910
3956
7466
5539
4565
3990
4300
6704
1890
9563
3013
19278
10519
18598
11623
16235
3478
13053
7560
14777
8177
18773
10667
5386
14636
6217
7649
4896
8421
10744
1356
16369
16183
1246
770
15499
9384
13628
5030
16817
15657
19149
17868
13868
1455
13303
9097
17841
13650
16988
6165
941
11011
2611
8458
19602
19074
17424
4403
7006
19318
18428
4935
1788
14860
16228
8397
9816
12888
12599
4425
13174
10463
6674
4743
17953
7708
12856
15164
9715
15809
13948
80
9968
17478
6145
4600
18209
10858
10255
3162
7086
369
9206
2038
16558
13839
4189
2170
12452
2156
18675
191
4116
9610
2578
12192
2014
2122
9484
8604
1865
16337
6970
12019
15188
16557
17248
1777
2425
6039
493
12943
13403
12272
15796
4435
3479
4156
8093
3021
18813
17187
8605
14243
10442
11770
11862
8677
15140
19257
6711
19521
4876
11441
4247
10101
1062
16456
2908
3358
4809
3362
14335
10074
2905
1782
17236
5768
14631
16441
16099
19540
11248
18783
11301
10306
4971
12975
5227
10162
8557
390
6606
12428
11909
18616
2801
3738
764
10219
5100
12732
6300
14495
16279
14156
8512
6391
4360
18585
10012
15926
12344
1007
10450
4670
9809
19183
5516
16516
11723
1776
15533
9745
2426
120
7551
10261
2657
7985
13537
1047
9705
1636
16901
14298
16860
3492
2779
6869
9425
9728
15937
855
12063
5862
9714
11849
5223
13146
10165
11063
288
9370
14426
1723
17982
2129
7502
1137
3672
2384
8529
13473
18405
3150
102
9878
7524
14990
10910
11395
447
16315
10798
5749
18315
2098
17986
4751
12137
18712
15821
3611
11690
13881
18215
16482
11619
6737
18354
2649
4956
1150
5175
17550
16770
12023
6308
8778
543
5076
12128
5987
4721
8560
16126
12555
12234
5639
15102
887
7894
1768
2096
9837
13693
13648
8761
13759
19533
2822
11192
6194
14025
641
11423
16508
2539
9357
7264
17009
1643
4613
7836
17261
12821
3406
2074
3112
9852
1238
11793
3470
717
16359
15924
13268
19418
8438
17157
7729
10494
7737
7628
16911
520
7888
1912
10673
11821
9891
16807
13688
17731
5093
9505
594
5150
16477
647
17321
9607
9600
6902
3944
4795
7007
16535
17013
12096
4200
4051
16236
4169
15943
13600
14288
2303
8719
14373
11158
6230
475
10678
3280
9619
16511
11611
13936
8854
1068
11873
6546
17272
14046
1605
14157
6689
10011
18817
11175
15788
17116
11667
9027
12670
1218
4249
3909
18673
12571
17370
180
13513
4114
6745
2240
8273
9045
14964
12109
2460
3652
2224
7878
18561
13562
13467
8915
12890
17616
52
11440
5958
12218
18831
4307
4658
18372
14786
18101
11104
13542
8301
2915
15623
11372
15283
5007
9861
3779
13489
6883
18470
8067
10848
6935
7003
19084
10998
17512
2069
18754
6886
14973
1118
8666
6280
15309
7512
14146
13419
324
13624
5151
11226
11896
16893
8096
14512
17032
16679
17239
16632
4908
16462
18862
4219
5694
10292
16354
8032
16448
17545
1072
4182
12514
15831
8713
3117
19264
11838
3487
9083
13301
11280
507
5490
9237
19015
797
14259
16341
4070
2603
2271
6898
469
4953
5474
9159
7980
13856
3887
13829
8028
8203
13438
2569
12622
12376
1038
12788
12400
14477
4226
4372
16930
3767
6215
15462
13231
1874
11347
6112
2463
1154
10707
1354
5047
3551
5874
19598
8519
18342
13038
14265
9659
13412
17751
7251
17398
19280
6299
14307
8754
18875
1201
1278
13685
10502
2552
5654
10892
7132
10579
4774
10995
1005
16709
5848
1604
3695
13085
13598
5361
18460
16491
6577
933
10239
7438
3018
8907
121
13503
1395
949
17421
9928
11469
19148
18651
18377
16153
13201
11264
11129
10312
2056
13012
8004
5378
12
8384
1840
9187
13226
14478
8171
16275
7166
11863
5168
11962
18485
12482
16137
3253
13705
2007
18866
17249
17044
11618
12342
817
3907
12673
16897
17802
8313
6334
7599
13505
91
10057
10130
1117
8742
13767
8161
1289
15793
17171
12760
3151
13552
652
1665
8828
2764
18715
1742
12008
1637
3846
3764
5143
2546
14068
9664
4861
7337
14612
17338
10414
17445
3313
11912
18370
4171
18818
599
8442
14910
13157
4040
3872
5736
18694
16533
8920
1173
7343
15274
11213
16704
13677
10862
14741
10050
13207
12123
12456
11510
10544
19152
15425
4824
16467
6527
16633
10847
14135
18276
12156
11174
17121
4095
18911
9277
222
14112
16592
12053
53
10218
231
3463
3786
7700
18259
11490
4790
2880
8777
6588
15977
14791
9821
14876
18357
15648
11194
4989
984
12326
5822
13719
6995
3039
10752
16319
2807
3789
15198
4242
690
17779
11692
4352
15814
13126
12360
17669
4440
2003
18741
6923
7843
6157
2253
15192
6629
470
5946
1388
13121
16303
799
4798
19175
1656
11914
19539
1390
9696
9774
4837
3718
14098
12317
19309
15241
17739
11148
1961
3663
6444
12953
8916
9762
7678
16261
4609
4997
573
9994
11122
6946
5295
16036
93
5743
1045
11330
16262
1486
12579
10769
2593
18826
137
9644
8299
15918
18972
7063
15191
18295
432
6073
5582
4282
14147
5911
16282
1635
8863
9442
1727
7150
4885
8419
12903
13686
18731
3556
7819
19154
14340
12302
13334
4944
16401
2402
16705
6760
8058
12259
140
4720
15866
17193
11711
19195
4812
13589
18583
2357
16928
10277
6437
5648
3061
15466
11883
13357
16440
58
2147
6775
18539
1171
18593
14504
8908
1203
4497
7926
15167
5984
9173
113
19563
18622
14321
8216
898
7138
16672
7716
14783
17765
1343
6653
18758
6599
15640
19001
15218
18371
6140
13039
7753
7613
17717
7976
19428
16217
14034
16543
14356
14401
4769
17517
2985
3710
17431
7383
2097
19509
7222
10727
9920
12649
10319
15374
12543
17264
6730
7781
15378
18105
19209
829
11207
756
11432
9995
16607
7906
2276
13673
13899
6677
16104
19600
6949
7965
6665
1870
9012
17053
12339
7192
17226
7223
19307
17682
11477
7895
5647
11747
945
11068
16581
7321
1835
12926
16474
13779
5612
15614
9315
6827
13613
16214
4305
1593
14454
18490
3289
10884
11486
6864
4660
11608
12610
17983
18904
10467
2326
14714
13808
2496
18332
13250
3058
14738
5346
6697
18987
2704
19634
17397
10279
5405
10825
17705
6319
4722
18378
17904
870
4926
15712
1568
4080
12972
7803
9931
3550
17199
10660
2398
16218
3555
1254
6890
6652
12891
4699
2638
9580
1638
18418
13307
11624
284
18349
3939
10509
12970
12713
1427
5550
18223
4281
5530
16468
8130
2298
18373
3430
5255
7214
7693
12893
9628
11125
13977
10466
18161
10024
13927
10614
8061
7317
18234
1299
4280
12018
5882
13627
19215
6499
18133
4293
13905
12864
15726
8660
4341
139
4964
1770
17414
11282
12519
7419
14484
2620
8448
10354
16932
6931
14974
10738
12847
7364
17147
5442
12012
7828
11577
1940
10146
11017
10357
15980
4768
339
16852
268
14178
18305
13926
13366
12588
16615
2848
7586
16498
7043
8483
17310
13784
9724
10004
5304
8668
13965
8113
16167
14754
13442
16340
9914
13558
12892
642
14832
500
17646
4865
15294
7060
14216
6921
15251
17273
3122
12604
12070
15807
11910
15765
15149
2913
96
4086
1066
872
3908
15006
9783
16151
6463
17326
12678
12743
6192
9076
2900
10001
19317
6040
10301
4128
9732
7624
11206
15710
1110
17815
2601
13938
3118
10959
17544
1151
14932
4236
13576
6152
16330
9618
11456
1375
2435
15027
19221
18590
2353
8091
3116
1873
11546
10612
7727
1790
10039
9764
6275
7045
11830
7903
10036
790
6687
303
6088
1769
19107
4312
7605
16847
15054
19321
10625
15808
1374
574
1774
18282
19479
10247
2969
15578
12795
6320
9086
4928
3304
16935
12973
18614
16437
18620
12237
11375
15037
4065
1177
724
11539
11044
8485
5807
18706
16232
1456
732
9958
14586
17228
17832
6268
15094
4746
9820
6865
5337
2693
17898
9786
18394
6197
17628
11951
11084
18424
18476
16011
9046
315
15221
18955
4740
3315
10457
4629
11396
10129
5504
882
9575
12350
4871
11557
7846
758
13491
10631
6244
9757
3090
14117
15120
5184
7473
9089
8353
11745
2906
14568
16697
5706
5423
6182
6284
8257
3405
2458
10127
15392
9268
14937
14674
13015
1507
1898
14467
6118
3748
6888
15497
12198
15091
15070
856
9199
14489
17073
14244
19049
18956
10841
18065
17477
5901
12354
9319
4596
5804
1082
3357
6037
16949
18463
5396
9538
13377
6608
14296
14181
17921
9880
6288
16839
10757
15420
3414
10930
8842
16325
13234
17422
5633
9666
10917
16264
1846
4414
11039
13454
2286
15798
12703
5477
16515
17742
12150
4190
6545
19457
9063
13801
8256
12809
127
8868
15871
12605
13128
5004
12286
6101
4685
13846
13236
1521
11434
19542
9011
2565
755
19019
18784
805
7762
1887
17446
16227
17016
17314
17123
10315
5626
35
1861
3367
1057
16428
14621
4194
9343
14908
12698
18000
9262
16005
956
8844
14097
14412
14817
19506
2879
6377
2857
14058
16876
1556
2961
16350
13197
8340
11935
3671
9473
4002
16004
9991
5097
2586
4234
12544
19531
293
5684
11388
9718
9741
3791
2741
18260
11023
9826
5323
4975
9117
908
10565
17543
4074
18700
9472
18062
10965
376
8872
8351
476
14301
11261
6221
1528
3798
1692
2013
8892
15569
14168
6550
1042
8847
14995
1053
14707
3023
7478
12381
5437
4608
12016
8593
16038
5615
7032
3232
338
8591
9244
206
2627
14742
4592
18698
10515
5327
1594
1415
4973
8720
3432
11582
9382
14192
14677
15262
5815
13547
8499
16257
9922
14359
2916
8251
12188
5727
10803
16717
11472
17387
7677
2476
13069
12812
13404
12790
19626
8407
7858
8508
1214
684
17469
2182
5308
8427
2770
8303
13498
15137
4205
5478
15834
12771
14967
6369
1346
18531
8198
18389
5439
5364
11373
2743
17078
18563
10918
6991
7130
4689
19094
18566
234
2205
1633
5800
10492
17530
19117
11200
7776
952
13115
3597
18849
2892
12466
18750
16881
10610
6033
5572
1132
5767
19011
7818
8695
19601
13603
13778
7710
19343
12477
7544
12786
9982
15026
7788
14922
42
17727
11641
17980
8268
15781
18805
7835
1488
15641
10681
8371
11750
15719
14496
3416
4805
16121
16623
15224
1319
6455
17268
12187
11369
6427
459
2198
4554
2236
19445
4650
2804
17374
15436
1970
10014
6727
1941
472
7078
6992
18695
10636
13184
9905
19413
13023
19300
6835
914
8619
4221
7767
3709
11620
4333
8016
997
3114
2853
4001
18656
7312
7389
8027
536
867
15205
15505
12951
13391
6876
1620
5546
7308
10072
3856
3631
4175
2294
4617
8649
6955
6467
11398
11153
18939
9945
1149
16397
7332
10575
1222
19607
14711
14253
6929
11022
564
9645
4771
16020
14820
18302
16612
6508
12837
18568
12776
5094
9412
7331
9458
13766
15207
12091
998
5656
1183
97
13852
3506
3676
16589
17345
14464
17369
2692
9113
7630
10172
7142
6852
11600
6153
15123
1223
7848
5123
15732
5832
5955
10613
9131
14347
11932
13312
8556
10352
8967
17676
6186
986
200
282
5506
15582
19065
15546
7578
7521
7734
16801
3774
14749
9969
13945
285
5354
4237
13452
12041
6695
12530
1522
8197
11198
190
18690
19169
2677
12731
11179
14709
11171
3093
308
8147
17084
8098
10268
14014
15214
16404
2212
4320
5294
983
15210
3625
1831
9906
14597
16260
9377
10829
3475
18120
3570
17662
2440
13418
16176
8979
6621
11587
10792
4993
7391
15363
17476
1765
3431
15891
107
7542
6556
6610
12531
19103
12803
16015
18810
6434
12583
11038
9248
4869
15156
1707
10704
7199
6041
6075
3000
2150
12609
1419
18040
17051
14226
1372
18738
19503
8008
11327
14565
18595
5524
2251
16421
17394
972
13545
9883
8665
10973
15516
5920
19136
5951
7497
13733
15416
18589
5483
12211
18142
2168
18090
5961
14120
4132
6481
8206
3038
18689
3675
8653
18550
17638
11437
16871
14600
3665
3544
2230
1806
5196
11461
13978
3024
9443
10680
3185
9720
18868
16927
8252
1
19416
14493
8524
1611
16338
14605
1266
7345
8667
3632
5302
18351
3294
6501
5846
10124
12902
5118
15513
7687
2228
15907
5899
17464
19231
8659
4117
3051
18323
12484
15135
6542
5552
763
2361
5267
16884
5032
456
5738
8968
14760
14241
12826
3171
4250
13036
15856
12724
4076
1825
2472
11316
10188
3097
18661
14175
944
19647
15394
10252
3040
7539
18414
8710
2555
2421
2726
9201
12087
1814
207
6107
8782
12766
1115
8572
17910
11391
12467
6919
6480
16067
14687
5780
4078
10402
4822
19041
3435
9310
18852
16013
11780
4886
13913
961
14645
12095
2080
18127
8202
1504
12321
3892
6851
18497
18069
16866
13124
11651
4253
4621
11594
12297
2561
9986
4350
16963
1678
12121
10886
3032
15109
2145
1249
4988
16517
8679
6436
12882
15204
9489
15911
17564
8692
14255
1406
11149
5252
11013
12656
10589
10099
14515
15886
4711
9475
7487
14505
16190
522
2313
11240
19208
2499
7297
11109
11258
3948
12733
2120
9329
11323
4033
16588
3735
17378
17156
6422
727
11901
1564
11865
18487
1856
14316
5153
13040
8300
547
1950
5830
16583
17263
7319
13791
13798
16128
7974
10760
9559
10343
15263
12846
6143
13674
6062
5512
9445
5056
487
11377
10224
13928
625
1022
8158
12880
6139
11768
7924
13861
11126
11817
12595
12081
17609
9415
7590
2263
8987
3297
19643
3241
7851
11734
8055
9685
5939
6093
11306
5813
10730
13353
4741
9702
4696
17316
5319
9050
11334
8930
8744
15062
17056
235
2221
786
18355
7479
8917
5235
19079
18177
1710
19071
2277
2017
6636
4252
3111
10878
9671
13056
6853
17067
11919
19097
7942
5402
14794
9531
16509
8670
3905
3250
10167
18781
252
17881
17358
11757
2143
10137
9252
9438
18015
7777
6125
12611
12443
16985
13331
11551
3821
11631
5777
7688
18709
11482
17201
8238
11123
10084
6047
9641
2299
14084
17113
17693
3768
3429
5417
3722
3536
4436
3563
8602
5705
1274
12004
16306
16760
3225
14339
18143
5746
11701
3230
10964
2318
2676
406
6959
18376
8889
18464
4290
5943
2300
8141
4155
1116
10871
2910
18241
4546
8576
15979
2517
5391
9609
16242
17649
11095
4894
15287
15988
4933
13684
3201
523
59
1146
19482
8244
12256
6000
7184
12511
3156
7876
508
13692
8793
8108
5858
17480
15347
5322
214
3754
11455
19058
15739
12810
19512
18426
17586
4676
12680
18537
11886
1287
2522
1697
272
14309
5585
3577
7667
14531
4616
11417
14012
13724
8491
9444
7376
2155
14428
3355
10158
16411
2269
13609
256
3607
5936
1337
14500
14666
8164
1884
10065
12475
16290
2654
2516
8111
601
6831
15426
4693
3668
12205
2416
12200
2826
10015
14279
13560
11985
18757
10116
19159
14234
15523
2363
12097
405
15417
11601
11336
11837
2026
4277
6106
7654
7190
6007
8222
12291
3045
359
11478
15518
12487
15114
13689
15618
17767
12221
8774
6149
17596
5819
10328
714
18766
8227
4321
8255
10435
13781
19580
15183
7195
3884
10416
13410
18954
10201
3852
13980
12382
11508
7634
2242
17730
7969
145
13792
7359
6916
16071
9491
11146
3654
3769
12217
5159
18768
5724
16685
2241
15318
811
8005
10956
6670
3198
1750
537
12818
11506
12584
9305
7963
16147
5866
8805
12349
5912
12460
19386
15233
14106
10822
15630
14520
1398
10568
18828
1392
3480
2855
19203
17436
16675
5540
6581
15847
15242
9810
16945
15751
16092
6951
839
1291
5278
10882
10363
7834
4661
9661
16018
12044
1659
10571
7733
3981
10045
11487
7154
14053
10288
6603
10962
1269
2858
14537
3627
5889
17706
12457
3604
10542
6510
8482
2713
2255
11706
10479
16710
18408
9761
4319
557
10253
1575
3634
19385
15458
12022
13241
9238
6489
18889
18070
18724
12051
198
8981
3721
5392
3912
10898
2550
14607
15360
16686
6476
13189
7559
6294
17561
372
7860
16302
16669
17008
9682
16357
17960
1851
18844
1275
9594
17104
8691
2587
3434
1490
5146
1588
185
1257
9008
17952
4020
9251
15991
2622
4808
9006
628
14038
11670
14837
11167
19217
15059
5614
19524
4548
3937
16125
5488
11607
6830
7712
3064
4123
14924
4140
4184
5234
6360
6425
2941
13871
3812
810
2331
12711
9124
11583
4064
3228
5570
9798
11142
7200
19375
5809
7682
10844
19403
13242
12701
11789
8243
1646
7556
8707
17716
5681
1584
7970
4317
15050
497
14318
2615
16177
11303
17946
18735
11857
13515
9695
3518
16389
17230
19331
2652
15105
10764
635
13749
8815
5579
2045
9660
10067
904
12416
2935
12840
105
17210
4927
9573
9921
11964
2336
6129
16211
11530
8523
9569
18436
6645
5259
19373
1675
3421
1689
5045
8070
7745
2738
13148
9403
1369
12369
14611
3517
9652
16085
14688
17444
10518
16987
2025
446
17665
9744
7875
9548
9035
16590
13696
4008
9264
7424
17790
17840
15742
16403
18388
11070
18657
2950
1946
777
6668
1469
7826
18128
2137
7930
5698
12308
15422
11496
18084
11944
14502
7740
18670
14275
4067
12917
10762
14577
9944
13527
14187
894
3796
5793
19516
18003
1587
16266
5303
1524
2588
18797
10498
1355
4298
6484
15108
9962
18107
18361
4210
2371
6523
8382
2067
156
15418
5821
13730
18119
19635
5791
16021
11386
12292
2604
6394
14624
17949
12311
395
3338
7026
6595
15112
18224
7849
10529
9971
4082
13816
11114
5870
1075
2142
11585
11512
3087
19132
7941
374
5317
5166
2557
17681
4630
357
11098
9375
15626
16157
6423
4564
18024
14548
13031
1144
16973
18942
14830
15635
2680
12739
6043
11088
18474
223
19323
9640
10577
7508
5341
340
8009
8053
911
11111
11672
11748
5254
17503
14805
12294
466
2952
15236
6657
8337
8571
13826
18510
9814
12720
9870
16641
9758
19383
2389
17211
6825
1017
6818
18317
10597
7993
3720
14252
1025
17244
10733
7366
13450
15913
1028
5085
5459
15098
12748
5714
18410
8174
1721
14704
1717
15245
12093
14315
11237
10953
19576
15379
75
4342
6301
927
5985
8074
1708
630
2988
17388
8598
10049
1430
13738
7761
11841
1294
4640
6453
13203
314
1771
1253
4782
18718
248
5756
15662
5387
2090
10278
11383
2939
13931
4829
4967
18824
2113
2211
1069
18618
6605
10118
12078
1819
5292
15190
7585
4102
10957
14592
6627
2019
5023
12794
25
3653
3218
8522
1639
10952
14539
8547
14008
6512
5064
11442
604
10131
934
19529
1326
19319
18495
17373
13725
10555
8982
10438
12285
8795
11614
204
12430
10271
15219
12228
11953
10686
7220
13768
16407
6948
11525
3343
5875
14588
17839
5214
14919
19145
8370
18881
18415
905
13300
2312
6909
19456
10699
10115
11905
9018
13815
3498
16406
1191
18981
709
3211
11647
11967
18289
7923
17124
1437
6660
8163
1064
13321
5418
10970
10561
17331
3558
6530
10541
11550
7569
14128
15472
14906
17744
9040
17098
4443
17304
6346
7247
15946
11725
5436
9591
7294
4464
7627
11851
16875
1182
14758
11537
2486
12723
18549
13873
8768
7547
6072
9508
10599
7010
15859
8290
15444
15435
2213
10443
14615
3651
3209
9835
17482
7799
8034
17439
12637
17860
4
1267
208
15816
10654
8651
4577
1896
10974
19066
10372
7238
14237
1399
16676
6159
11719
16050
3917
4540
9072
5824
11110
7909
9848
6246
14883
3321
17787
8135
1647
15890
14864
17774
13352
3901
11064
6837
14075
7580
7137
7751
863
14413
12124
13976
19345
830
13579
7723
298
3349
4470
16145
15596
9099
5501
12328
6741
12633
16980
217
1014
19356
2756
14895
7711
9285
10639
6067
14679
2035
2592
9822
15445
9028
7051
825
3596
11407
14376
16019
14497
11832
6060
18044
1902
16610
14457
3533
1096
9498
9750
3287
7964
13818
7925
11374
13604
3862
18829
2447
6609
16529
13729
2215
6292
2831
14900
6332
15490
7118
10669
8181
6267
10316
17026
15438
4937
4588
9137
14118
6907
11009
17125
9630
15756
16578
299
6483
15874
10763
13862
10177
18600
2160
14086
1761
947
12549
19274
7766
6092
13512
4700
8317
12288
13869
14931
13892
9780
2439
4017
7947
16933
15491
11162
711
16206
1169
2847
18732
18262
8582
7885
1460
6867
9691
15770
15915
7038
17384
12195
11884
15498
7890
5733
2449
5692
12617
11741
9328
7131
1544
16785
13516
3068
17423
3275
2893
6496
12916
3559
6873
17064
11574
13664
17158
11559
11947
8271
9795
4094
10109
9899
852
5685
2990
2775
4772
17003
10525
3004
977
13951
16663
2959
7182
10600
4348
19284
2432
11235
19206
6567
18922
7635
2115
14154
15130
32
10170
1962
9984
1876
5935
13796
14037
19490
10720
10322
4747
14424
12495
857
2279
11394
12315
3042
3979
12099
2784
10855
9583
9506
17166
8445
6471
15001
15173
3889
18261
8763
15256
2469
18291
13651
8444
6229
18093
484
7310
14720
18632
9632
4179
10037
17865
4954
3765
5231
5472
1365
12279
14629
14020
14819
15815
9789
14050
12581
5370
3601
4505
10504
17286
15967
11880
12518
1967
14325
15939
6136
15762
17472
6056
15704
16522
17625
6451
10978
11915
10000
1004
18171
8938
12797
9590
11740
4873
722
15502
18960
15610
5130
14894
5828
4340
15066
5625
15996
1011
19528
14085
12538
14719
10267
9356
19295
8159
5149
1322
3290
6757
15405
8082
7444
6372
10334
2289
18855
11687
6544
13413
14521
11318
12648
5221
5799
16051
6522
168
160
2929
948
5075
8899
14371
19548
17288
10652
14311
9135
8487
16653
9272
9599
19143
2422
14480
728
3246
680
11858
12984
19437
10566
8914
16947
3503
7500
2508
9582
13812
6616
10535
5953
4587
4635
19483
5631
848
13776
13043
8390
9733
3345
17871
788
8903
18993
2382
6586
10735
9049
8139
19484
11856
18479
4480
12715
14442
18320
10531
227
10144
6487
7911
15792
12900
19486
6296
19501
1225
2412
16794
182
15197
95
4228
9431
595
7445
5081
6518
6986
3811
11882
10949
16324
16492
8258
19250
10712
7504
11141
11431
13626
17457
12241
9129
720
9589
15810
14482
2392
12659
17319
8829
1897
9642
6411
7035
11996
13304
5921
15659
8219
8278
3073
14999
2717
4023
16828
4188
6341
11529
19033
6282
19172
15057
8151
2920
20
17471
2989
17301
11145
17501
10419
7856
11806
4060
478
12568
17539
15537
14874
13027
12446
3066
8309
19245
5079
12783
2287
18017
1174
4611
13154
12941
1012
17129
3420
13472
17813
2118
4330
11348
7707
2309
2919
18459
5203
10813
10332
1826
2060
8734
11222
7156
18309
16976
11322
4437
7352
2117
10911
4068
16555
6249
8455
243
6002
4959
6479
3144
16109
1701
12425
15118
3694
8575
18206
4178
85
3447
7916
4538
15017
10828
15131
5388
434
2771
15549
1681
7830
10977
19389
5446
17022
624
15346
3252
6119
8978
4974
4643
9483
19232
14643
6758
13339
3609
5557
9884
596
8344
1838
4950
4291
9805
19500
6679
1836
6223
6598
13915
14392
17033
13666
15845
14362
907
1496
13072
1730
13364
15186
4452
15957
2084
9670
16579
19123
14207
653
6401
2403
19523
6286
3120
15933
5198
9976
2932
15903
5983
10244
6829
9309
9429
3508
17293
8401
17629
14816
513
13988
16139
17172
13329
11792
4977
367
18382
4359
15450
7511
6684
18740
15305
2662
9470
8263
931
1327
3940
16960
12654
9512
17322
3970
6420
14765
5831
11544
12582
6111
12950
19197
12445
9692
7242
10696
15590
13041
9143
4948
11609
13292
14986
9792
9306
13903
9497
3580
10100
14767
6585
16840
611
17670
1592
11681
6591
13731
9247
13736
3489
15581
4530
15778
11223
11746
7880
1339
17817
15161
19281
3335
17651
12848
7643
11532
14277
15601
14598
7198
17725
503
373
10966
1367
7117
3861
3874
3656
8380
1540
3549
3031
15252
12020
1003
18051
676
19286
11979
246
4838
7855
6044
16735
17386
17888
521
11937
7149
19550
8402
4384
16631
8970
10314
3490
5616
17776
4498
4453
1224
1330
15002
8336
14018
3800
2079
2538
1463
1044
16942
6212
6701
11852
10429
7764
2850
3083
6232
10226
614
11593
11485
16991
16898
12186
17923
9177
10816
3953
13260
8616
5896
6079
2479
2918
14683
16861
15894
19328
1722
2600
14365
5082
16204
1153
11524
4543
874
3217
13170
3972
4279
7837
14270
7421
5976
662
12560
5609
15951
1676
17043
8884
7955
6996
11612
6100
7718
4866
18007
9546
1674
17796
18619
17214
6448
5052
15760
3787
12504
11783
15406
12102
19087
16253
10446
7838
9902
8433
8589
17856
2737
17915
4762
6716
10497
4859
16342
5262
15993
360
16534
18419
6200
12693
2046
10899
398
12052
15086
14879
1658
9881
5229
1863
999
16239
10655
4570
19648
957
5359
8927
8932
14095
996
4356
3581
10725
3267
5544
12613
6563
431
70
5282
17538
7451
8019
919
7927
757
5884
1433
18456
6908
4193
1439
15452
8612
892
11161
6751
11007
9294
7728
4938
17738
15553
6648
12136
8224
15376
15396
18928
5338
17280
10370
18099
10426
6651
14399
8469
14280
886
3499
6836
11182
6460
14199
14422
4597
7085
9456
18684
8620
9434
16765
18063
993
5975
11926
13380
7058
4106
281
4727
7270
19534
3914
9595
13536
15195
11382
6506
19068
7939
18446
1027
3552
19205
5763
3584
364
529
2518
18989
14186
4586
10606
2190
4057
327
8784
19110
2140
3569
10818
3554
17188
5640
3777
8076
6142
3394
7883
13825
2824
8725
8672
4248
9887
920
12413
7641
752
8018
17641
14494
1936
17991
10369
861
16098
79
6769
12215
4422
18116
17165
1282
7384
10069
15962
8218
8172
688
15476
17955
9151
12017
7576
4288
3072
15906
16707
15401
4203
11150
4489
19
14403
7283
17119
10596
8331
15048
767
1358
14031
12752
16849
1685
17916
8732
10361
6352
8282
1904
3054
10797
7697
1853
8349
1624
8002
9636
3955
924
8902
12677
3707
1975
16417
14578
11636
7562
15474
14180
7323
19315
17441
6918
13163
19223
13322
985
11565
3687
375
12762
14162
14892
17763
6199
9987
162
581
5457
19133
1595
9983
9941
10968
15397
4911
10880
6717
8474
5723
8185
5451
7371
1404
2612
4225
8010
3784
7696
9451
10532
14204
17587
16540
13875
16138
650
4906
7809
14152
18825
11665
3918
11756
5929
14958
976
5425
8041
12683
192
9087
12086
13233
13760
12639
5369
1984
16738
14324
10522
13351
9534
17872
18059
11269
18247
1795
5825
4196
8013
16381
1572
9142
6028
6415
8109
7432
4745
219
10427
3700
6248
7296
1288
10851
189
18733
7382
12161
7403
16425
6005
16747
13004
5818
19419
5735
13912
15457
6048
4777
8910
15691
6071
17911
11066
197
11688
12909
4315
5407
14978
19537
2840
17735
1513
16903
4654
19101
10926
5188
17722
11761
12696
14380
6006
16571
1766
17850
5484
10508
9556
6574
16850
17820
896
16823
17502
15642
2461
12470
14656
15473
5904
19048
7374
745
7591
4797
14659
13355
6678
5759
4634
5995
16698
11020
11346
3895
188
697
875
19204
3127
17615
12945
10785
12768
11256
7557
4222
11829
19632
7545
18853
9321
5194
12444
10465
7870
15713
4526
10422
883
2715
12618
3351
17178
15520
16195
9325
5468
17356
19116
16373
2861
18532
9016
15718
5058
8456
8324
5164
14732
15758
17496
8120
2443
913
7320
15806
7106
11185
5771
9313
2339
19646
5169
14903
1198
10305
2836
11796
1234
479
17876
16415
12364
16095
4844
16394
8885
534
4260
8747
15705
17619
4077
3453
8399
12999
14651
6698
17514
1317
19118
18136
14466
11680
13428
4683
4421
1498
1855
9894
9836
11065
17148
725
8320
2736
15208
14763
13135
10755
7076
19279
13164
7299
3288
5806
14901
10912
11592
13919
287
12046
10500
3442
6710
6706
8101
15927
19290
17718
379
8328
13123
11073
10514
8381
10190
2820
17403
18882
10075
3669
13855
6953
11527
16423
7350
3482
8687
12663
632
14779
9096
15744
2165
9919
16974
16469
7139
11131
12966
7272
18339
10005
11195
18764
7482
9461
16160
2446
12836
57
13045
19649
2183
3137
2978
18644
18717
6839
19485
14867
11813
12990
16439
4724
19191
7958
3469
4367
14803
9662
15390
5604
6712
2000
6147
10976
4153
13727
7428
3076
5232
10192
19114
409
5944
18977
11173
10958
11211
1680
8080
8335
877
7991
6253
8621
681
14271
3397
17572
7164
2266
16939
12993
11950
1547
1999
741
3817
17933
15600
18952
5078
11564
10814
19585
11939
11035
167
5174
18642
269
7800
384
9871
15587
495
10496
3186
6219
15061
1666
12619
815
13176
2111
211
1273
6887
5482
13258
12773
5893
15954
11045
2818
8601
6126
1443
12365
18786
16883
17100
8103
10889
5971
6196
10234
15028
2862
16418
7868
18645
1402
19421
17209
12092
3483
16146
10395
6930
19119
795
6266
5837
2166
6081
19090
8506
2072
12126
8017
19584
5109
5956
9459
2264
10323
12737
15407
18897
617
5293
11202
918
6187
6113
9901
15949
13385
10808
5473
692
6124
16344
10865
7807
4224
13161
7892
16983
16605
12411
17591
4433
17907
3402
7691
1532
7743
14833
9782
12707
18383
10915
12799
4533
1258
5233
18466
5291
1286
16668
17963
19188
6503
18488
9974
18205
2786
2933
13363
18880
14576
13063
18811
7997
2246
11229
6899
14757
5060
4441
12190
19018
18271
2016
9376
4803
14921
15517
17307
18297
9496
9440
17828
15097
9079
9722
7074
9175
11447
10780
16536
940
9706
8081
9138
2510
7501
3452
8566
8690
3897
11709
13379
8315
12068
3831
7755
12947
17598
11679
8083
19212
19050
12528
9075
11244
16887
4814
12216
3102
8360
3005
1734
4697
2192
2669
18214
6726
18746
13500
12410
718
1570
11151
4663
6509
16563
3538
1672
10291
17159
8348
7385
10590
7746
4736
11481
17417
8235
13906
18769
10270
18527
172
11409
9231
14882
1407
18483
10820
10298
8404
7940
5031
17105
11464
15386
1271
17565
14799
2360
17992
10835
5808
2006
6843
6399
14902
14781
9413
10368
8790
17406
10156
8357
2082
3067
5430
1100
14189
13265
9988
10022
16950
7443
1916
9439
18172
19519
15304
19190
8705
17376
28
13649
11498
4848
19464
7865
2571
3331
8674
11855
8022
514
18988
8860
5670
4096
5910
17030
13180
4131
15761
12898
5068
9145
18912
11094
14348
14240
8680
11831
3893
5328
16591
16410
16937
11019
2534
1949
4426
1683
5849
2268
12394
555
10202
14323
9406
3034
17764
15038
11340
3203
16430
16181
3009
16821
12933
776
16595
17580
18842
9716
2613
6998
16346
264
12065
5063
19082
6083
2520
7231
5703
5250
5171
605
14019
1713
14821
9299
3235
13853
5180
16523
4494
4786
133
3567
11363
4705
4134
6307
8398
11739
689
627
8963
9409
10770
2767
10110
14191
18129
11733
216
4284
12580
15353
10092
3826
12509
8850
5678
7918
164
3330
6361
18628
2701
10540
8993
8545
15453
1698
16951
2563
10923
11253
455
1454
1140
13583
14626
4891
17581
1090
9748
8685
2776
17947
9734
6748
4173
4890
2378
5773
4334
11712
4555
840
12337
2794
5273
8286
4949
700
8711
18518
11772
5794
19130
1450
5966
2491
6809
11576
18026
16553
16367
15700
9249
17849
9051
5025
14748
18094
14872
2450
14850
4268
19357
13715
5046
9197
4459
2699
4424
14796
3328
7732
1517
11638
12143
1866
16859
5089
10386
16480
19348
18649
14043
6407
13523
5040
4318
16182
1121
5144
4005
13806
3775
18727
15227
1158
7645
18640
18652
11112
7481
10367
3562
16259
15412
8182
14341
14951
3324
13783
11570
17115
17066
9824
8628
3108
14003
19014
916
16258
7475
4619
10344
14627
14427
13406
2292
3148
136
7822
15853
1026
15722
9735
345
9842
11025
14222
1200
14221
16512
6122
5595
5554
2642
9597
11728
19216
12867
13462
5989
16664
4841
3579
427
13401
1304
7907
3485
7093
4491
8951
19060
19073
8127
2870
16432
10121
8478
5645
17689
17700
12885
7284
11948
16870
16815
1147
8148
10346
18343
17107
17245
10128
14364
11034
18008
4230
5620
11815
17721
10632
16311
4892
928
2225
4784
12550
14747
16029
17691
7363
6795
16789
5690
5357
551
1914
6440
4578
18500
3254
13923
16265
10276
18237
17076
11314
8918
4996
1778
13343
4088
6922
5360
6663
7739
4449
8813
3462
11462
881
1520
4627
9348
9828
19273
9463
2628
2199
1065
1983
17343
12141
7016
17518
3189
18515
1828
13239
8696
3794
1485
15661
5567
11047
9023
8068
7919
12623
13424
2672
712
1409
13245
404
9924
11960
7236
9446
13870
10382
17677
675
13059
6344
12421
17827
14104
7879
8393
16781
7668
4522
12844
2999
10608
2865
19352
11911
5960
3052
19326
9185
7503
8338
17186
7796
18902
242
530
13217
15281
16197
11542
9116
8881
12021
18089
10943
12883
11721
7594
142
3063
13493
17083
8658
17985
3325
15919
6537
18815
1131
18560
2859
8094
15421
8905
2765
17379
12029
2187
15127
2399
1566
542
5744
9765
17968
1058
6958
1757
12865
9065
220
14483
2159
18655
15181
15211
12969
8876
10740
12116
17231
19535
11436
9036
17741
14547
4011
7917
1320
11052
489
6617
18192
7155
10665
9910
12554
16769
2630
11519
8718
6611
6291
4244
228
15653
1817
13314
6069
19350
17996
15454
5471
7891
15667
15403
7040
17880
10534
6721
7550
17810
11956
7538
10602
1242
6019
16967
11262
11293
8321
16966
17250
18837
4965
3755
16163
5274
3733
4187
11933
8757
18512
13574
15415
67
2819
8104
10960
14292
19423
17584
13989
4170
81
17793
13172
16209
14334
7022
598
6940
4963
10193
19067
6765
5533
15231
9184
4038
2434
3602
2130
4781
13449
14474
16562
18951
6753
16944
18533
17460
13682
17037
1095
13762
8358
5531
15301
2420
13667
1784
15855
1559
15282
19497
16473
17612
17283
2307
6365
17110
9407
8853
7754
5117
15089
1167
9234
11707
1718
2323
18445
2958
13052
4875
5108
17686
15841
9186
14608
11190
18421
10653
7932
11556
525
6696
11359
18940
4018
5465
12657
9888
13453
7011
13943
8040
593
4536
6474
11367
2976
9153
15597
11356
14764
5915
8249
17344
13417
6011
1308
9115
2523
415
11000
19409
19253
15322
14557
9989
10266
10824
8928
5154
8450
18739
430
12494
6279
12802
7785
11232
18263
13917
16458
9996
16651
17814
13904
14160
7446
14972
9191
18471
15852
6637
8958
19314
4149
14725
16470
17029
15311
19473
10746
10888
5340
1461
12356
19200
14724
8851
10693
4702
10134
11606
10580
7157
9965
8173
1331
18580
645
6439
18774
16829
5922
1743
14456
1662
18187
16659
16570
17015
19043
5368
8515
14304
3519
12569
1482
7638
8473
17145
12061
17993
15235
11311
17256
6497
11343
1491
5693
15819
6285
2956
17745
12674
2291
7877
3974
4468
8361
13497
17342
3184
17359
15663
5663
17896
6694
11408
9292
1240
8215
239
15727
10942
11990
13864
10378
17362
8913
15804
8226
11457
5854
3195
13479
19170
16763
12433
15033
10666
18248
16750
4978
18654
1527
15117
12763
1059
3359
7168
19353
18763
11749
12478
11410
12608
14653
3191
4079
11234
1834
12001
9784
10026
13060
9286
8776
8262
39
17549
18553
9791
885
18830
3255
17173
14384
15651
15467
71
6646
17215
2226
12401
1345
14409
1772
3863
9980
11632
9038
9913
3382
7463
12912
18338
18669
5731
9769
10856
7685
3256
8138
18602
3938
19128
6287
16380
14002
18685
10358
10240
7608
3617
15580
17833
10245
3092
5218
1312
12386
8891
889
704
8558
17320
7827
10195
15904
1423
4462
7261
12062
10581
3804
7603
17890
16711
9026
18913
6245
7549
18666
11004
12076
13681
10657
2503
14209
13993
19636
10990
1798
2171
15509
17961
13220
982
12409
3734
10987
17797
8435
1008
5863
3306
11393
12222
17603
12158
10140
15307
11273
8183
14535
11048
5441
36
4632
750
9004
11059
8771
4591
16745
19181
9233
17040
18348
7951
14618
15056
17932
16436
14083
2306
1046
6206
16759
10307
3962
11930
5590
15088
8904
15484
12922
4122
13182
3949
694
17265
17994
2943
8460
12594
11861
4651
16913
7922
10309
14064
16289
6880
1084
15628
6431
4504
1429
13002
10375
17928
8520
3177
8837
9369
5055
11057
16044
19095
11782
124
11239
6468
7205
3078
7554
16476
17389
2648
15368
13283
14460
14593
12162
237
14185
14692
17525
7689
8175
8123
15080
12447
13445
19436
2139
4810
10273
3871
678
2386
12924
1747
12822
10071
3234
16525
4669
4970
4514
14126
2417
10728
2365
9874
11653
5383
7092
240
8170
3388
4678
4177
15562
12194
5682
17995
11726
10351
14549
9293
17219
8385
4969
15975
6235
15794
17287
10662
17621
6115
1055
1862
5314
15340
18154
6840
4021
11468
10295
7750
9170
5496
7670
19020
18334
2835
16867
1383
14917
2462
12676
9754
9276
7797
458
659
11257
9970
6578
1668
7393
13588
8528
10846
19399
18603
7535
14342
14667
955
14017
16280
3923
14785
10381
11952
16953
7801
4900
6337
5969
13425
14778
7202
10487
18986
19330
19214
8239
7790
18121
396
16791
17075
18381
12151
2751
13484
17847
13706
11411
11603
1525
14696
5701
18117
1690
5945
3891
7886
9937
4983
16244
11046
16180
10213
17804
19262
744
6820
13080
16009
14015
1464
9346
17258
1648
10791
6871
15399
15961
17267
9152
14264
8423
12681
11350
3360
14129
8873
19619
2311
6635
1414
10396
7650
11847
11511
11460
5709
9107
6190
9171
14163
9893
14508
18965
16127
18272
18213
3059
12090
4962
11840
19475
17630
11981
14776
12841
2327
16539
5774
18761
11942
5027
12318
5947
6897
3978
7787
1408
11774
2930
16034
14603
2381
3272
18175
5336
6025
4922
6560
7239
10458
9401
12699
1112
8210
13979
17710
109
7064
2675
7972
4262
4905
1448
12727
9373
1453
16254
4014
7657
2050
7931
4413
12049
3943
7243
12501
1622
9307
7390
7680
13878
19432
7928
9218
1186
2825
847
11906
14041
5894
1000
18884
3409
2133
19610
4256
14223
1857
15696
3070
13482
7013
18132
10108
5170
9947
9686
7614
6655
11355
1232
1344
16130
9926
4062
19474
2229
7409
11809
683
15052
6050
15316
1711
4852
13323
9024
7679
14093
9453
3726
4704
5699
8467
13581
2634
640
15414
8975
13336
7817
6781
11867
12734
2379
7553
3744
175
5042
12111
16434
12480
14404
15783
15430
13160
13274
12500
13883
3229
18301
19030
14491
15284
4834
12574
1018
9001
13937
17620
17487
8029
1880
6024
3731
16718
19592
1657
16618
2574
3630
16377
8437
2963
5581
2639
18319
14929
3547
14601
14102
17311
12491
19022
6620
6808
19651
7713
4198
10476
4451
17252
18682
8122
1086
7400
4710
6834
10675
18157
17575
15522
18019
8551
10264
5790
6014
8424
12615
17429
10490
3589
16994
12631
18945
1917
10694
11124
13662
19498
2177
19227
14194
158
11755
12843
18322
11729
13077
14105
8143
16059
18584
4941
15343
12694
12665
5908
6265
13745
3027
4410
7442
16483
6736
8901
12641
7625
4614
6359
14857
10180
11268
10491
1640
1306
17289
18243
187
8260
16827
3379
8285
11978
6570
17198
19243
9957
3152
4235
17563
16408
8366
1259
3925
12179
11818
9847
1002
4893
11351
3339
8654
8265
13859
305
610
15326
5059
16778
1903
3743
3166
10325
16896
6428
9448
13409
16452
16220
14471
1786
10459
19111
1536
4295
7027
15564
13496
6960
6519
7291
12391
11345
10638
1929
1632
6262
5671
1228
117
3841
15660
9457
18791
16547
15735
12558
17971
14195
11189
19039
9154
11476
2537
6816
130
8500
15826
3062
11975
12165
12402
183
2614
14762
6798
7770
18327
13011
11591
7959
8807
100
13565
9494
5666
3237
18184
14727
2174
4780
6868
3534
1483
3323
18268
4181
1251
7494
18665
11778
14381
17447
10907
9511
10971
2607
10703
2197
8669
8791
16171
322
14661
13051
260
13632
12119
385
3838
570
18018
11307
3398
11061
7854
16678
13276
10359
428
5485
18457
6375
18967
3165
8439
344
11913
10475
10897
15525
615
2455
18012
15152
1073
16602
8597
14436
11294
1305
1207
19106
7588
10440
1922
13543
6066
8893
18076
11650
5120
10685
18344
3333
10211
15081
11575
17221
17922
15706
1010
14587
9121
444
1997
10574
7812
4127
17588
144
6095
2393
6785
13441
18520
18067
11166
14522
7241
17799
5991
3825
8233
18677
17969
14375
14681
6381
16385
4580
6209
9002
18433
10068
1687
146
3959
8449
15148
10854
2377
9211
12167
4889
17206
4792
2195
3086
9193
7121
2407
7548
3365
7593
10064
9037
597
10028
10257
11147
16101
13092
10641
519
15790
8839
4823
2722
3750
18582
10114
6156
16001
13446
9853
4952
11696
9071
3393
16010
10877
970
9725
7362
15503
1379
12960
2922
6017
18124
18148
3239
18225
3244
193
3620
15863
19609
6976
9164
4460
16364
9622
4347
3678
7600
13244
14029
8988
16611
8821
4084
2860
5454
13958
5993
13238
15736
9936
899
2968
2986
12388
989
18179
10284
4919
266
17339
19147
17082
6590
12755
13655
13890
19255
16857
12957
9450
18193
11426
13534
5775
12642
11279
15708
12905
8637
10649
16304
11563
10999
16599
11845
5493
9195
18312
12341
3560
2661
9890
6807
2411
2445
18240
3168
5906
1192
15012
8293
2877
12887
6540
18314
807
13698
7771
11027
11822
14648
7596
2828
12877
4914
6400
12819
12399
6290
8494
8042
218
134
8368
6619
15176
18190
8472
13499
14511
7047
13365
19582
18407
64
2258
16122
12453
1792
12575
13358
9930
7989
18292
10251
3957
4645
19439
11415
16648
2841
13091
2575
18795
10582
19013
6913
9542
6009
3727
12792
6247
17207
2774
4574
6597
854
18883
16731
3881
2823
12976
3380
3753
10585
9934
15434
15636
8944
11767
245
2088
8865
6516
13694
1435
13586
152
16245
18489
6587
10260
10227
1087
15479
14814
18482
9017
8758
10025
4509
6211
13582
3126
8681
9973
2721
3728
5176
18057
1669
1545
9839
4547
12006
11012
14827
6630
18668
6429
10447
11833
5161
13764
11053
18932
4532
13964
3340
13957
9547
15146
11144
11495
8308
13699
4523
4159
2244
1202
723
7126
9275
3950
1631
2921
171
12894
14950
15953
6492
12245
17071
19045
5438
18505
10935
14744
8686
13483
8124
433
2372
17294
3236
1039
11788
17803
10646
2081
3746
4857
3285
7234
10187
6408
4232
19505
13200
4687
2321
249
8461
1598
18299
2364
3053
14435
17491
8250
12948
12486
19096
13316
13834
8178
12527
6109
6379
18077
8824
4394
3206
18402
9793
721
1120
12196
3930
15388
16696
18840
16278
3196
16639
17132
2568
9157
14790
6647
5145
1176
14172
16777
13922
194
2223
370
7498
5419
7631
14996
8726
12253
10804
3107
3082
11380
13227
13641
15196
19316
13010
3213
13753
2397
9723
19308
7405
16546
15902
13187
1506
15428
6340
7044
13024
18083
2152
8820
2898
19401
6950
18730
10408
11365
4030
14453
131
9225
18038
10772
2668
8510
19029
14519
10204
17954
6022
2524
17617
15539
15535
7115
1802
3033
7659
6672
10567
5999
4087
2813
10430
14155
16079
12058
715
9085
8200
6796
1762
12918
1316
13863
7030
9650
11521
1586
1166
12107
8479
11995
19559
14735
15044
11924
4393
12277
13954
7237
8245
6016
8118
11660
9204
3207
12638
4501
16773
18411
12647
14640
10147
13532
9939
15136
6470
3103
2884
5655
262
9067
8085
11661
17203
2395
9509
15180
17542
9344
4783
5722
5352
4471
3329
5542
12000
8440
9739
5861
6220
10569
3001
2864
12177
9263
17479
10052
2837
4071
16640
15561
3002
16999
14672
11086
2514
8775
15194
16140
12332
12250
13177
10872
1948
16053
15888
2670
13714
8322
11037
4719
1725
8941
19192
7842
7820
14258
713
2576
16136
13910
17622
7454
3119
5739
17380
15202
5674
10768
8225
15835
7206
310
9216
12378
14949
16853
7589
17892
15984
11771
14033
1773
566
19572
8383
15182
17650
13219
6250
6015
15350
6449
15837
13918
7752
12798
606
18104
7944
19571
12989
11970
7407
18976
7250
13254
1425
9651
17919
3854
63
5205
8594
11040
4558
9873
9639
8640
12197
4585
5332
14699
9954
17225
8417
3451
4240
2302
1243
8735
19443
12438
391
9879
17643
15155
4502
7073
13811
11480
14665
10415
3588
2783
9364
9953
10335
18587
19256
3833
9338
1543
17048
1510
1315
2785
12498
8708
87
4863
9303
10258
9070
13858
10371
7133
1311
8911
7810
12690
16497
12212
18637
9007
12242
7358
18935
13367
8939
2533
6077
3311
12935
17146
17114
6064
3332
6273
12508
12104
3071
4289
4637
12791
9314
17284
9677
14266
4880
17808
10338
2983
8253
3662
18139
16442
14675
7597
4366
9488
15335
11425
13530
17238
14352
16216
16267
13501
13521
10456
7537
3991
9956
5753
15254
754
10900
18374
18203
3424
1612
5424
3537
4322
10178
8606
12347
7395
1428
18659
8386
463
8840
7587
4243
2560
7203
14941
6791
2991
2967
7229
14664
16736
11526
14205
15514
9372
4412
8284
14405
4999
16443
3163
6090
11043
13646
13786
17290
9266
18674
16793
14933
14094
5757
3986
4924
11291
10198
2948
3885
14566
13789
6172
12314
3309
6740
14092
12496
11764
4098
14524
6447
6548
6982
14510
14943
3809
12754
3011
16322
8144
18680
14518
12784
68
14011
16008
18556
3481
7966
12024
14391
2406
174
16113
550
13332
11558
7398
474
18705
10404
15619
6018
5829
2216
1229
8341
1794
17889
15272
1473
6534
14678
10389
15504
9555
17332
17883
3176
2590
15045
12721
3648
7575
19438
5624
18397
10241
6634
17697
16135
4158
4476
12359
11959
8153
9025
8919
16039
6026
6426
18173
9838
12570
6283
14378
10896
1129
12306
18608
205
19129
9435
13788
19199
16958
18369
7306
4054
15259
2691
103
18448
6849
10714
15644
8530
3954
1024
8550
18937
7089
6535
2388
1324
9616
11814
13103
3703
14320
19006
15129
5351
8894
3008
7938
4119
1597
19397
9166
4163
18242
6177
10079
14838
15686
10331
2854
2087
3903
8749
19467
14966
18846
16231
18286
1035
18137
7094
17329
11308
2521
11208
19089
14542
15073
8184
15832
16812
921
7973
19362
11668
19125
17941
658
761
2621
13374
12540
16880
9424
1061
1626
6941
12886
2290
17648
11578
19472
11938
3984
7646
13831
18894
16409
10909
6724
62
13519
14808
10633
1614
10418
11362
2358
13436
8044
12561
17411
15599
4039
591
18581
1613
8614
10333
5517
392
10635
915
5414
14646
14853
11136
10349
2759
7789
14026
17642
5747
6338
10035
9719
1589
18048
7031
10527
12655
7353
1706
2471
2725
15292
2262
9633
8945
17282
18959
3785
9950
7368
7488
6450
5333
11075
16144
10350
946
2248
18473
1458
445
14358
1301
5269
12085
18535
4103
16688
10805
9627
730
9776
12662
12564
17719
3844
17984
17737
5708
11217
7967
3673
16783
5400
1629
11534
7255
9410
19047
1574
18545
9341
6962
13297
3468
9823
12387
2938
15225
5788
12869
12995
5717
18033
15998
7212
6600
10339
13107
4144
5443
1966
13981
10890
17846
12088
5381
13062
13982
1067
1930
11473
1591
6185
17927
4904
18440
15805
19234
3772
5520
18633
12379
9183
19430
7369
17909
11752
7619
12284
5183
8652
8843
17519
13388
10983
16398
1219
5673
18403
5074
9371
6123
5696
12687
9390
13507
1875
5782
9813
9355
15270
14835
3578
11204
14739
4755
9738
14722
19567
18233
16764
19395
18577
6990
7349
5770
4130
14067
14886
12710
72
8413
2022
17020
13895
9441
2940
14870
14256
5500
1113
9311
8039
15220
17708
1501
13622
16818
18924
412
12407
18219
11917
18316
16751
8411
17831
13557
12026
12483
3169
17309
12316
5432
9544
11819
2992
15799
17328
457
5811
1789
708
16283
3303
2878
18326
13016
4227
1562
7450
15986
15912
16188
17585
10802
4541
8373
1579
7626
13373
11934
7990
6967
10621
15100
11067
1321
18664
5106
437
11897
5816
2401
10986
10470
17908
1187
6387
12436
2525
16646
8794
402
17639
11246
2480
18896
6380
3850
19005
10182
2629
16208
2316
14070
21
19458
2777
14108
4166
8325
12539
4742
6055
18990
1935
2610
13800
14353
9168
6466
13190
5529
61
4048
1074
10054
16642
17081
1990
8609
2790
5950
12874
15743
8088
4141
19499
